0.00	0.000000	0.999983	-0.010000
0.01	0.010000	0.999883	-0.019999
0.02	0.019999	0.999683	-0.029995
0.03	0.029996	0.999383	-0.039989
0.04	0.039989	0.998984	-0.049979
0.05	0.049979	0.998484	-0.059964
0.06	0.059964	0.997884	-0.069942
0.07	0.069943	0.997185	-0.079914
0.08	0.079915	0.996386	-0.089878
0.09	0.089879	0.995487	-0.099833
0.10	0.099833	0.994488	-0.109777
0.11	0.109778	0.993391	-0.119711
0.12	0.119712	0.992194	-0.129633
0.13	0.129634	0.990897	-0.139542
0.14	0.139543	0.989502	-0.149437
0.15	0.149438	0.988007	-0.159317
0.16	0.159318	0.986414	-0.169181
0.17	0.169182	0.984722	-0.179028
0.18	0.179030	0.982932	-0.188857
0.19	0.188859	0.981044	-0.198668
0.20	0.198669	0.979057	-0.208458
0.21	0.208460	0.976972	-0.218228
0.22	0.218230	0.974790	-0.227976
0.23	0.227978	0.972510	-0.237701
0.24	0.237703	0.970133	-0.247402
0.25	0.247404	0.967659	-0.257078
0.26	0.257081	0.965088	-0.266729
0.27	0.266731	0.962421	-0.276353
0.28	0.276356	0.959658	-0.285950
0.29	0.285952	0.956798	-0.295518
0.30	0.295520	0.953843	-0.305056
0.31	0.305059	0.950792	-0.314564
0.32	0.314567	0.947647	-0.324040
0.33	0.324043	0.944406	-0.333484
0.34	0.333487	0.941072	-0.342895
0.35	0.342898	0.937643	-0.352271
0.36	0.352274	0.934120	-0.361612
0.37	0.361615	0.930504	-0.370917
0.38	0.370920	0.926795	-0.380185
0.39	0.380188	0.922993	-0.389415
0.40	0.389418	0.919099	-0.398606
0.41	0.398609	0.915113	-0.407757
0.42	0.407760	0.911035	-0.416867
0.43	0.416871	0.906866	-0.425936
0.44	0.425939	0.902607	-0.434962
0.45	0.434966	0.898257	-0.443944
0.46	0.443948	0.893818	-0.452883
0.47	0.452886	0.889289	-0.461775
0.48	0.461779	0.884671	-0.470622
0.49	0.470626	0.879965	-0.479422
0.50	0.479426	0.875171	-0.488173
0.51	0.488177	0.870289	-0.496876
0.52	0.496880	0.865320	-0.505529
0.53	0.505533	0.860265	-0.514132
0.54	0.514136	0.855124	-0.522683
0.55	0.522687	0.849897	-0.531182
0.56	0.531186	0.844585	-0.539628
0.57	0.539632	0.839189	-0.548019
0.58	0.548024	0.833709	-0.556356
0.59	0.556361	0.828145	-0.564638
0.60	0.564642	0.822499	-0.572863
0.61	0.572867	0.816770	-0.581030
0.62	0.581035	0.810960	-0.589140
0.63	0.589145	0.805068	-0.597190
0.64	0.597195	0.799096	-0.605181
0.65	0.605186	0.793045	-0.613112
0.66	0.613117	0.786914	-0.620981
0.67	0.620986	0.780704	-0.628788
0.68	0.628793	0.774416	-0.636532
0.69	0.636537	0.768051	-0.644212
0.70	0.644218	0.761608	-0.651828
0.71	0.651834	0.755090	-0.659379
0.72	0.659385	0.748496	-0.666864
0.73	0.666870	0.741828	-0.674282
0.74	0.674288	0.735085	-0.681633
0.75	0.681639	0.728269	-0.688916
0.76	0.688921	0.721379	-0.696129
0.77	0.696135	0.714418	-0.703274
0.78	0.703279	0.707385	-0.710347
0.79	0.710353	0.700282	-0.717350
0.80	0.717356	0.693108	-0.724281
0.81	0.724287	0.685866	-0.731140
0.82	0.731146	0.678554	-0.737925
0.83	0.737931	0.671175	-0.744637
0.84	0.744643	0.663729	-0.751274
0.85	0.751280	0.656216	-0.757836
0.86	0.757843	0.648637	-0.764323
0.87	0.764329	0.640994	-0.770732
0.88	0.770739	0.633287	-0.777065
0.89	0.777072	0.625516	-0.783320
0.90	0.783327	0.617683	-0.789497
0.91	0.789504	0.609788	-0.795595
0.92	0.795602	0.601832	-0.801613
0.93	0.801620	0.593816	-0.807551
0.94	0.807558	0.585740	-0.813409
0.95	0.813416	0.577606	-0.819185
0.96	0.819192	0.569415	-0.824879
0.97	0.824886	0.561166	-0.830490
0.98	0.830497	0.552861	-0.836019
0.99	0.836026	0.544501	-0.841464
1.00	0.841471	0.536086	-0.846825
1.01	0.846832	0.527618	-0.852101
1.02	0.852108	0.519097	-0.857292
1.03	0.857299	0.510524	-0.862397
1.04	0.862404	0.501900	-0.867416
1.05	0.867423	0.493226	-0.872348
1.06	0.872355	0.484502	-0.877193
1.07	0.877201	0.475730	-0.881950
1.08	0.881958	0.466911	-0.886620
1.09	0.886627	0.458045	-0.891200
1.10	0.891207	0.449133	-0.895691
1.11	0.895699	0.440176	-0.900093
1.12	0.900100	0.431175	-0.904405
1.13	0.904412	0.422131	-0.908626
1.14	0.908633	0.413044	-0.912756
1.15	0.912764	0.403917	-0.916795
1.16	0.916803	0.394749	-0.920743
1.17	0.920751	0.385541	-0.924598
1.18	0.924606	0.376295	-0.928361
1.19	0.928369	0.367012	-0.932031
1.20	0.932039	0.357692	-0.935608
1.21	0.935616	0.348335	-0.939092
1.22	0.939099	0.338945	-0.942481
1.23	0.942489	0.329520	-0.945776
1.24	0.945784	0.320062	-0.948977
1.25	0.948985	0.310572	-0.952082
1.26	0.952090	0.301051	-0.955093
1.27	0.955101	0.291500	-0.958008
1.28	0.958016	0.281920	-0.960827
1.29	0.960835	0.272312	-0.963550
1.30	0.963558	0.262677	-0.966177
1.31	0.966185	0.253015	-0.968707
1.32	0.968715	0.243328	-0.971140
1.33	0.971148	0.233616	-0.973476
1.34	0.973485	0.223882	-0.975715
1.35	0.975723	0.214124	-0.977856
1.36	0.977865	0.204346	-0.979900
1.37	0.979908	0.194547	-0.981845
1.38	0.981854	0.184728	-0.983693
1.39	0.983701	0.174892	-0.985442
1.40	0.985450	0.165037	-0.987092
1.41	0.987100	0.155166	-0.988644
1.42	0.988652	0.145280	-0.990096
1.43	0.990105	0.135379	-0.991450
1.44	0.991458	0.125464	-0.992705
1.45	0.992713	0.115537	-0.993860
1.46	0.993868	0.105599	-0.994916
1.47	0.994924	0.095649	-0.995873
1.48	0.995881	0.085691	-0.996729
1.49	0.996738	0.075723	-0.997487
1.50	0.997495	0.065749	-0.998144
1.51	0.998152	0.055767	-0.998702
1.52	0.998710	0.045780	-0.999160
1.53	0.999168	0.035789	-0.999518
1.54	0.999526	0.025793	-0.999775
1.55	0.999784	0.015796	-0.999933
1.56	0.999942	0.005796	-0.999991
1.57	1.000000	-0.004204	-0.999949
1.58	0.999958	-0.014203	-0.999807
1.59	0.999816	-0.024201	-0.999565
1.60	0.999574	-0.034197	-0.999223
1.61	0.999232	-0.044189	-0.998781
1.62	0.998790	-0.054177	-0.998240
1.63	0.998248	-0.064159	-0.997598
1.64	0.997606	-0.074135	-0.996857
1.65	0.996865	-0.084104	-0.996016
1.66	0.996024	-0.094064	-0.995075
1.67	0.995083	-0.104015	-0.994035
1.68	0.994043	-0.113955	-0.992895
1.69	0.992904	-0.123884	-0.991657
1.70	0.991665	-0.133801	-0.990319
1.71	0.990327	-0.143704	-0.988882
1.72	0.988890	-0.153593	-0.987346
1.73	0.987354	-0.163466	-0.985711
1.74	0.985719	-0.173323	-0.983978
1.75	0.983986	-0.183163	-0.982146
1.76	0.982154	-0.192984	-0.980216
1.77	0.980224	-0.202787	-0.978188
1.78	0.978197	-0.212568	-0.976063
1.79	0.976071	-0.222329	-0.973840
1.80	0.973848	-0.232068	-0.971519
1.81	0.971527	-0.241783	-0.969101
1.82	0.969109	-0.251474	-0.966586
1.83	0.966594	-0.261140	-0.963975
1.84	0.963983	-0.270779	-0.961267
1.85	0.961275	-0.280392	-0.958463
1.86	0.958471	-0.289977	-0.955564
1.87	0.955572	-0.299532	-0.952568
1.88	0.952576	-0.309058	-0.949478
1.89	0.949486	-0.318553	-0.946292
1.90	0.946300	-0.328016	-0.943012
1.91	0.943020	-0.337446	-0.939638
1.92	0.939645	-0.346842	-0.936169
1.93	0.936177	-0.356204	-0.932607
1.94	0.932615	-0.365530	-0.928952
1.95	0.928960	-0.374819	-0.925204
1.96	0.925212	-0.384071	-0.921363
1.97	0.921371	-0.393285	-0.917430
1.98	0.917438	-0.402459	-0.913406
1.99	0.913413	-0.411593	-0.909290
2.00	0.909297	-0.420686	-0.905083
2.01	0.905091	-0.429737	-0.900786
2.02	0.900793	-0.438745	-0.896398
2.03	0.896406	-0.447709	-0.891921
2.04	0.891929	-0.456628	-0.887355
2.05	0.887362	-0.465502	-0.882700
2.06	0.882707	-0.474329	-0.877957
2.07	0.877964	-0.483108	-0.873126
2.08	0.873133	-0.491840	-0.868207
2.09	0.868215	-0.500522	-0.863202
2.10	0.863209	-0.509154	-0.858111
2.11	0.858118	-0.517735	-0.852933
2.12	0.852940	-0.526264	-0.847671
2.13	0.847678	-0.534741	-0.842323
2.14	0.842330	-0.543164	-0.836892
2.15	0.836899	-0.551533	-0.831377
2.16	0.831383	-0.559847	-0.825778
2.17	0.825785	-0.568105	-0.820097
2.18	0.820104	-0.576306	-0.814334
2.19	0.814341	-0.584449	-0.808490
2.20	0.808496	-0.592534	-0.802564
2.21	0.802571	-0.600559	-0.796559
2.22	0.796565	-0.608525	-0.790474
2.23	0.790480	-0.616430	-0.784309
2.24	0.784316	-0.624273	-0.778067
2.25	0.778073	-0.632053	-0.771746
2.26	0.771753	-0.639771	-0.765349
2.27	0.765355	-0.647424	-0.758874
2.28	0.758881	-0.655013	-0.752324
2.29	0.752331	-0.662536	-0.745699
2.30	0.745705	-0.669993	-0.738999
2.31	0.739005	-0.677383	-0.732225
2.32	0.732231	-0.684706	-0.725378
2.33	0.725384	-0.691959	-0.718459
2.34	0.718465	-0.699144	-0.711467
2.35	0.711473	-0.706259	-0.704405
2.36	0.704411	-0.713303	-0.697272
2.37	0.697278	-0.720275	-0.690069
2.38	0.690075	-0.727176	-0.682798
2.39	0.682803	-0.734004	-0.675458
2.40	0.675463	-0.740759	-0.668050
2.41	0.668056	-0.747439	-0.660576
2.42	0.660581	-0.754045	-0.653035
2.43	0.653041	-0.760575	-0.645430
2.44	0.645435	-0.767030	-0.637759
2.45	0.637765	-0.773407	-0.630025
2.46	0.630031	-0.779707	-0.622228
2.47	0.622234	-0.785930	-0.614369
2.48	0.614374	-0.792073	-0.606448
2.49	0.606454	-0.798138	-0.598467
2.50	0.598472	-0.804123	-0.590426
2.51	0.590431	-0.810027	-0.582326
2.52	0.582331	-0.815850	-0.574167
2.53	0.574172	-0.821592	-0.565952
2.54	0.565956	-0.827251	-0.557679
2.55	0.557684	-0.832828	-0.549351
2.56	0.549355	-0.838322	-0.540968
2.57	0.540972	-0.843731	-0.532530
2.58	0.532535	-0.849057	-0.524040
2.59	0.524044	-0.854297	-0.515497
2.60	0.515501	-0.859452	-0.506903
2.61	0.506907	-0.864521	-0.498257
2.62	0.498262	-0.869504	-0.489563
2.63	0.489567	-0.874399	-0.480819
2.64	0.480823	-0.879207	-0.472027
2.65	0.472031	-0.883928	-0.463187
2.66	0.463191	-0.888560	-0.454302
2.67	0.454306	-0.893103	-0.445371
2.68	0.445375	-0.897556	-0.436395
2.69	0.436399	-0.901920	-0.427376
2.70	0.427380	-0.906194	-0.418314
2.71	0.418318	-0.910377	-0.409211
2.72	0.409214	-0.914469	-0.400066
2.73	0.400069	-0.918470	-0.390882
2.74	0.390885	-0.922379	-0.381658
2.75	0.381661	-0.926195	-0.372396
2.76	0.372399	-0.929919	-0.363097
2.77	0.363100	-0.933550	-0.353761
2.78	0.353764	-0.937088	-0.344391
2.79	0.344393	-0.940532	-0.334985
2.80	0.334988	-0.943882	-0.325547
2.81	0.325549	-0.947137	-0.316075
2.82	0.316078	-0.950298	-0.306572
2.83	0.306575	-0.953364	-0.297039
2.84	0.297041	-0.956334	-0.287476
2.85	0.287478	-0.959209	-0.277884
2.86	0.277886	-0.961987	-0.268264
2.87	0.268266	-0.964670	-0.258617
2.88	0.258619	-0.967256	-0.248945
2.89	0.248947	-0.969746	-0.239247
2.90	0.239249	-0.972138	-0.229526
2.91	0.229528	-0.974433	-0.219782
2.92	0.219784	-0.976631	-0.210016
2.93	0.210017	-0.978731	-0.200228
2.94	0.200230	-0.980734	-0.190421
2.95	0.190423	-0.982638	-0.180595
2.96	0.180596	-0.984444	-0.170750
2.97	0.170752	-0.986151	-0.160889
2.98	0.160890	-0.987760	-0.151011
2.99	0.151013	-0.989270	-0.141119
3.00	0.141120	-0.990682	-0.131212
3.01	0.131213	-0.991994	-0.121292
3.02	0.121293	-0.993207	-0.111360
3.03	0.111361	-0.994320	-0.101417
3.04	0.101418	-0.995334	-0.091464
3.05	0.091465	-0.996249	-0.081501
3.06	0.081502	-0.997064	-0.071531
3.07	0.071532	-0.997779	-0.061553
3.08	0.061554	-0.998395	-0.051569
3.09	0.051570	-0.998911	-0.041580
3.10	0.041581	-0.999326	-0.031587
3.11	0.031587	-0.999642	-0.021591
3.12	0.021591	-0.999858	-0.011592
3.13	0.011592	-0.999974	-0.001593
3.14	0.001593	-0.999990	0.008407
3.15	-0.008407	-0.999906	0.018406
3.16	-0.018406	-0.999722	0.028403
3.17	-0.028404	-0.999438	0.038398
3.18	-0.038398	-0.999054	0.048388
3.19	-0.048388	-0.998570	0.058374
3.20	-0.058374	-0.997986	0.068353
3.21	-0.068354	-0.997303	0.078326
3.22	-0.078327	-0.996519	0.088291
3.23	-0.088292	-0.995637	0.098248
3.24	-0.098249	-0.994654	0.108194
3.25	-0.108195	-0.993572	0.118130
3.26	-0.118131	-0.992391	0.128054
3.27	-0.128055	-0.991110	0.137965
3.28	-0.137966	-0.989731	0.147862
3.29	-0.147863	-0.988252	0.157744
